train set:
       longitude  latitude  housing_median_age  total_rooms  total_bedrooms  \
14196    -117.03     32.71                33.0       3126.0           627.0   
8267     -118.16     33.77                49.0       3382.0           787.0   
17445    -120.48     34.66                 4.0       1897.0           331.0   
14265    -117.11     32.69                36.0       1421.0           367.0   
2271     -119.80     36.78                43.0       2382.0           431.0   
...          ...       ...                 ...          ...             ...   
11284    -117.96     33.78                35.0       1330.0           201.0   
11964    -117.43     34.02                33.0       3084.0           570.0   
5390     -118.38     34.03                36.0       2101.0           569.0   
860      -121.96     37.58                15.0       3575.0           597.0   
15795    -122.42     37.77                52.0       4226.0          1315.0   

       population  households  median_income  median_house_value  \
14196      2300.0       623.0         3.2596            103000.0   
8267       1314.0       756.0         3.8125            382100.0   
17445       915.0       336.0         4.1563            172600.0   
14265      1418.0       355.0         1.9425             93400.0   
2271        874.0       380.0         3.5542             96500.0   
...           ...         ...            ...                 ...   
11284       658.0       217.0         6.3700            229200.0   
11964      1753.0       449.0         3.0500             97800.0   
5390       1756.0       527.0         2.9344            222100.0   
860        1777.0       559.0         5.7192            283500.0   
15795      2619.0      1242.0         2.5755            325000.0   

      ocean_proximity  
14196      NEAR OCEAN  
8267       NEAR OCEAN  
17445      NEAR OCEAN  
14265      NEAR OCEAN  
2271           INLAND  
...               ...  
11284       <1H OCEAN  
11964          INLAND  
5390        <1H OCEAN  
860         <1H OCEAN  
15795        NEAR BAY  

[16512 rows x 10 columns]

test set:
       longitude  latitude  housing_median_age  total_rooms  total_bedrooms  \
20046    -119.01     36.06                25.0       1505.0             NaN   
3024     -119.46     35.14                30.0       2943.0             NaN   
15663    -122.44     37.80                52.0       3830.0             NaN   
20484    -118.72     34.28                17.0       3051.0             NaN   
9814     -121.93     36.62                34.0       2351.0             NaN   
...          ...       ...                 ...          ...             ...   
15362    -117.22     33.36                16.0       3165.0           482.0   
16623    -120.83     35.36                28.0       4323.0           886.0   
18086    -122.05     37.31                25.0       4111.0           538.0   
2144     -119.76     36.77                36.0       2507.0           466.0   
3665     -118.37     34.22                17.0       1787.0           463.0   

       population  households  median_income  median_house_value  \
20046      1392.0       359.0         1.6812             47700.0   
3024       1565.0       584.0         2.5313             45800.0   
15663      1310.0       963.0         3.4801            500001.0   
20484      1705.0       495.0         5.7376            218600.0   
9814       1063.0       428.0         3.7250            278000.0   
...           ...         ...            ...                 ...   
15362      1351.0       452.0         4.6050            263300.0   
16623      1650.0       705.0         2.7266            266800.0   
18086      1585.0       568.0         9.2298            500001.0   
2144       1227.0       474.0         2.7850             72300.0   
3665       1671.0       448.0         3.5521            151500.0   

      ocean_proximity  
20046          INLAND  
3024           INLAND  
15663        NEAR BAY  
20484       <1H OCEAN  
9814       NEAR OCEAN  
...               ...  
15362       <1H OCEAN  
16623      NEAR OCEAN  
18086       <1H OCEAN  
2144           INLAND  
3665        <1H OCEAN  

[4128 rows x 10 columns]

