Using pd.cut:
       longitude  latitude  housing_median_age  total_rooms  total_bedrooms  \
0        -122.23     37.88                41.0        880.0           129.0   
1        -122.22     37.86                21.0       7099.0          1106.0   
2        -122.24     37.85                52.0       1467.0           190.0   
3        -122.25     37.85                52.0       1274.0           235.0   
4        -122.25     37.85                52.0       1627.0           280.0   
...          ...       ...                 ...          ...             ...   
20635    -121.09     39.48                25.0       1665.0           374.0   
20636    -121.21     39.49                18.0        697.0           150.0   
20637    -121.22     39.43                17.0       2254.0           485.0   
20638    -121.32     39.43                18.0       1860.0           409.0   
20639    -121.24     39.37                16.0       2785.0           616.0   

       population  households  median_income  median_house_value  \
0           322.0       126.0         8.3252            452600.0   
1          2401.0      1138.0         8.3014            358500.0   
2           496.0       177.0         7.2574            352100.0   
3           558.0       219.0         5.6431            341300.0   
4           565.0       259.0         3.8462            342200.0   
...           ...         ...            ...                 ...   
20635       845.0       330.0         1.5603             78100.0   
20636       356.0       114.0         2.5568             77100.0   
20637      1007.0       433.0         1.7000             92300.0   
20638       741.0       349.0         1.8672             84700.0   
20639      1387.0       530.0         2.3886             89400.0   

      ocean_proximity income_cat  
0            NEAR BAY          5  
1            NEAR BAY          5  
2            NEAR BAY          5  
3            NEAR BAY          4  
4            NEAR BAY          3  
...               ...        ...  
20635          INLAND          2  
20636          INLAND          2  
20637          INLAND          2  
20638          INLAND          2  
20639          INLAND          2  

[20640 rows x 11 columns]

