Grid Search CV Results:
    mean_fit_time  std_fit_time  mean_score_time  std_score_time  \
0        0.082666      0.001207         0.004393        0.000157   
1        0.268447      0.003374         0.011858        0.000149   
2        0.822026      0.011317         0.034132        0.000394   
3        0.134105      0.001884         0.004658        0.000387   
4        0.444185      0.003710         0.011850        0.000098   
5        1.337796      0.009862         0.033971        0.000432   
6        0.189297      0.001872         0.004358        0.000116   
7        0.626414      0.002739         0.012363        0.000315   
8        1.863211      0.009823         0.033994        0.000726   
9        0.240976      0.002067         0.004315        0.000102   
10       0.807744      0.004101         0.012501        0.000229   
11       2.418439      0.007978         0.034565        0.001160   
12       0.129742      0.002632         0.005012        0.000303   
13       0.427369      0.002004         0.013772        0.000297   
14       0.163253      0.002929         0.004823        0.000128   
15       0.569783      0.002157         0.014360        0.001124   
16       0.217373      0.003023         0.004849        0.000155   
17       0.729588      0.010965         0.013738        0.000216   

   param_max_features param_n_estimators param_bootstrap  \
0                   2                  3             NaN   
1                   2                 10             NaN   
2                   2                 30             NaN   
3                   4                  3             NaN   
4                   4                 10             NaN   
5                   4                 30             NaN   
6                   6                  3             NaN   
7                   6                 10             NaN   
8                   6                 30             NaN   
9                   8                  3             NaN   
10                  8                 10             NaN   
11                  8                 30             NaN   
12                  2                  3           False   
13                  2                 10           False   
14                  3                  3           False   
15                  3                 10           False   
16                  4                  3           False   
17                  4                 10           False   

                                               params  split0_test_score  \
0              {'max_features': 2, 'n_estimators': 3}      -4.213076e+09   
1             {'max_features': 2, 'n_estimators': 10}      -2.934780e+09   
2             {'max_features': 2, 'n_estimators': 30}      -2.563679e+09   
3              {'max_features': 4, 'n_estimators': 3}      -3.250705e+09   
4             {'max_features': 4, 'n_estimators': 10}      -2.445434e+09   
5             {'max_features': 4, 'n_estimators': 30}      -2.271841e+09   
6              {'max_features': 6, 'n_estimators': 3}      -3.118585e+09   
7             {'max_features': 6, 'n_estimators': 10}      -2.488960e+09   
8             {'max_features': 6, 'n_estimators': 30}      -2.288970e+09   
9              {'max_features': 8, 'n_estimators': 3}      -3.104598e+09   
10            {'max_features': 8, 'n_estimators': 10}      -2.519014e+09   
11            {'max_features': 8, 'n_estimators': 30}      -2.300108e+09   
12  {'bootstrap': False, 'max_features': 2, 'n_est...      -3.658670e+09   
13  {'bootstrap': False, 'max_features': 2, 'n_est...      -2.818485e+09   
14  {'bootstrap': False, 'max_features': 3, 'n_est...      -3.507424e+09   
15  {'bootstrap': False, 'max_features': 3, 'n_est...      -2.537161e+09   
16  {'bootstrap': False, 'max_features': 4, 'n_est...      -3.169641e+09   
17  {'bootstrap': False, 'max_features': 4, 'n_est...      -2.397652e+09   

    split1_test_score  split2_test_score  split3_test_score  \
0       -4.326567e+09      -4.091153e+09      -4.041970e+09   
1       -3.197654e+09      -3.125239e+09      -2.945995e+09   
2       -2.926035e+09      -2.843526e+09      -2.649779e+09   
3       -3.516381e+09      -3.463179e+09      -3.363735e+09   
4       -2.900465e+09      -2.802878e+09      -2.653630e+09   
5       -2.601212e+09      -2.558699e+09      -2.381539e+09   
6       -3.425787e+09      -3.424968e+09      -3.290171e+09   
7       -2.720107e+09      -2.763832e+09      -2.539352e+09   
8       -2.512921e+09      -2.601077e+09      -2.312991e+09   
9       -3.357682e+09      -3.333448e+09      -3.316685e+09   
10      -2.672505e+09      -2.735512e+09      -2.577560e+09   
11      -2.519282e+09      -2.582478e+09      -2.335775e+09   
12      -4.140930e+09      -4.000902e+09      -3.974843e+09   
13      -3.145153e+09      -3.000532e+09      -2.942039e+09   
14      -3.903331e+09      -3.623411e+09      -3.501685e+09   
15      -2.758193e+09      -2.812715e+09      -2.538674e+09   
16      -3.339330e+09      -3.429739e+09      -3.236574e+09   
17      -2.670884e+09      -2.736655e+09      -2.519814e+09   

    split4_test_score  mean_test_score  std_test_score  rank_test_score  \
0       -4.468146e+09    -4.228183e+09    1.555263e+08               18   
1       -3.125289e+09    -3.065791e+09    1.058080e+08               11   
2       -2.920182e+09    -2.780640e+09    1.474877e+08                9   
3       -3.589558e+09    -3.436712e+09    1.186033e+08               15   
4       -2.915100e+09    -2.743501e+09    1.758011e+08                8   
5       -2.644660e+09    -2.491590e+09    1.416698e+08                3   
6       -3.603164e+09    -3.372535e+09    1.612756e+08               14   
7       -2.826190e+09    -2.667688e+09    1.307886e+08                6   
8       -2.607917e+09    -2.464775e+09    1.380809e+08                1   
9       -3.402752e+09    -3.303033e+09    1.033620e+08               12   
10      -2.779405e+09    -2.656799e+09    9.668319e+07                5   
11      -2.655284e+09    -2.478586e+09    1.385072e+08                2   
12      -3.882422e+09    -3.931553e+09    1.596252e+08               17   
13      -2.971353e+09    -2.975513e+09    1.050708e+08               10   
14      -3.666476e+09    -3.640466e+09    1.463052e+08               16   
15      -2.813072e+09    -2.691963e+09    1.273548e+08                7   
16      -3.434354e+09    -3.321927e+09    1.049213e+08               13   
17      -2.760176e+09    -2.617036e+09    1.380426e+08                4   

    split0_train_score  split1_train_score  split2_train_score  \
0        -1.179138e+09       -1.153108e+09       -1.090899e+09   
1        -5.784546e+08       -5.819307e+08       -5.537310e+08   
2        -4.377405e+08       -4.260882e+08       -4.214714e+08   
3        -9.400841e+08       -9.294620e+08       -9.128206e+08   
4        -4.934495e+08       -5.061416e+08       -5.005304e+08   
5        -3.839376e+08       -3.803028e+08       -3.732428e+08   
6        -8.623625e+08       -8.871349e+08       -8.954233e+08   
7        -4.863637e+08       -4.890131e+08       -4.976668e+08   
8        -3.747125e+08       -3.765566e+08       -3.768241e+08   
9        -8.629217e+08       -8.523493e+08       -8.426132e+08   
10       -4.822812e+08       -4.801699e+08       -4.847375e+08   
11       -3.760503e+08       -3.771983e+08       -3.771719e+08   
12       -0.000000e+00       -0.000000e+00       -0.000000e+00   
13       -0.000000e+00       -2.129230e+03       -0.000000e+00   
14       -0.000000e+00       -0.000000e+00       -0.000000e+00   
15       -0.000000e+00       -0.000000e+00       -0.000000e+00   
16       -0.000000e+00       -0.000000e+00       -0.000000e+00   
17       -0.000000e+00       -0.000000e+00       -0.000000e+00   

    split3_train_score  split4_train_score  mean_train_score  std_train_score  
0        -1.124356e+09       -1.150783e+09     -1.139657e+09     2.991642e+07  
1        -5.811761e+08       -5.674866e+08     -5.725558e+08     1.074301e+07  
2        -4.401489e+08       -4.255473e+08     -4.301993e+08     7.356394e+06  
3        -9.866596e+08       -9.266876e+08     -9.391428e+08     2.529998e+07  
4        -5.372917e+08       -5.120577e+08     -5.098942e+08     1.501662e+07  
5        -3.926347e+08       -3.839668e+08     -3.828170e+08     6.276186e+06  
6        -8.696166e+08       -8.979139e+08     -8.824903e+08     1.412503e+07  
7        -5.025810e+08       -4.819742e+08     -4.915198e+08     7.538211e+06  
8        -3.803121e+08       -3.712783e+08     -3.759367e+08     2.950101e+06  
9        -9.130922e+08       -8.622785e+08     -8.666510e+08     2.438098e+07  
10       -5.151737e+08       -4.893520e+08     -4.903429e+08     1.278634e+07  
11       -3.891719e+08       -3.769516e+08     -3.793088e+08     4.949269e+06  
12       -0.000000e+00       -6.897132e+00     -1.379426e+00     2.758853e+00  
13       -6.201363e+01       -1.008327e+01     -4.402654e+02     8.447958e+02  
14       -0.000000e+00       -6.728909e+01     -1.345782e+01     2.691564e+01  
15       -5.465556e+00       -1.398335e+02     -2.905980e+01     5.542726e+01  
16       -0.000000e+00       -0.000000e+00      0.000000e+00     0.000000e+00  
17       -0.000000e+00       -0.000000e+00      0.000000e+00     0.000000e+00  
