confusion matrix:
[[5740    4   19   10   10   40   47   10   38    5]
 [   2 6479   44   30    6   41   12    9  109   10]
 [  68   41 5317   89   78   23  105   52  166   19]
 [  60   44  132 5308    3  250   41   55  144   94]
 [  21   29   34    6 5343   13   55   42   82  217]
 [  74   40   36  175   69 4611  116   30  180   90]
 [  30   23   42    2   41   80 5651    6   43    0]
 [  23   23   69   28   49   10    6 5817   17  223]
 [  54  155   63  145   12  162   59   27 5023  151]
 [  46   36   27   84  157   41    2  206   83 5267]]
