       longitude  latitude  housing_median_age  total_rooms  total_bedrooms  \
17606    -121.89     37.29                38.0       1568.0           351.0   
18632    -121.93     37.05                14.0        679.0           108.0   
14650    -117.20     32.77                31.0       1952.0           471.0   
3230     -119.61     36.31                25.0       1847.0           371.0   
3555     -118.59     34.23                17.0       6592.0          1525.0   

       population  households  median_income  
17606       710.0       339.0         2.7042  
18632       306.0       113.0         6.4214  
14650       936.0       462.0         2.8621  
3230       1460.0       353.0         1.8839  
3555       4459.0      1463.0         3.0347  
